v 0.5 0 0.0075
v 0.3536 0.3536 0.0075
v 0 0.5 0.0075
v -0.3536 0.3536 0.0075
v -0.5 0 0.0075
v -0.3536 -0.3536 0.0075
v 0 -0.5 0.0075
v 0.3536 -0.3536 0.0075
v 0.5 0 0.333
v 0.3536 0.3536 0.333
v 0 0.5 0.333
v -0.3536 0.3536 0.333
v -0.5 0 0.333
v -0.3536 -0.3536 0.333
v 0 -0.5 0.333
v 0.3536 -0.3536 0.333
v 0.25 0 0.98
v 0.1768 0.1768 0.98
v 0 0.25 0.98
v -0.1768 0.1768 0.98
v -0.25 0 0.98
v -0.1768 -0.1768 0.98
v 0 -0.25 0.98
v 0.1768 -0.1768 0.98
v 0.25 0 0.996
v 0.1768 0.1768 0.996
v 0 0.25 0.996
v -0.1768 0.1768 0.996
v -0.25 0 0.996
v -0.1768 -0.1768 0.996
v 0 -0.25 0.996
v 0.1768 -0.1768 0.996
v 0.125 0 1
v 0.0884 0.0884 1
v 0 0.125 1
v -0.0884 0.0884 1
v -0.125 0 1
v -0.0884 -0.0884 1
v 0 -0.125 1
v 0.0884 -0.0884 1
v 0.25 0 0
v 0.1768 0.1768 0
v 0 0.25 0
v -0.1768 0.1768 0
v -0.25 0 0
v -0.1768 -0.1768 0
v 0 -0.25 0
v 0.1768 -0.1768 0


# end
color 0.359 0.25 0.199 1
f 41 48 47 46
f 42 41 46 45
f 43 42 45 44

f 41 42 2 1
f 42 43 3 2
f 43 44 4 3
f 44 45 5 4
f 45 46 6 5
f 46 47 7 6
f 47 48 8 7
f 48 41 1 8

# handle
f 1 2 10 9
f 2 3 11 10
f 3 4 12 11
f 4 5 13 12
f 5 6 14 13
f 6 7 15 14
f 7 8 16 15
f 8 1 9 16

# shaft
color 0.82 0.703 0.547 1
f 9 10 18 17
f 10 11 19 18
f 11 12 20 19
f 12 13 21 20
f 13 14 22 21
f 14 15 23 22
f 15 16 24 23
f 16 9 17 24

# white
color 0.9 0.9 0.9 1
f 17 18 26 25
f 18 19 27 26
f 19 20 28 27
f 20 21 29 28
f 21 22 30 29
f 22 23 31 30
f 23 24 32 31
f 24 17 25 32

# tip
color 0.05 0.05 0.05 1
f 25 26 34 33
f 26 27 35 34
f 27 28 36 35
f 28 29 37 36
f 29 30 38 37
f 30 31 39 38
f 31 32 40 39
f 32 25 33 40

f 33 34 39 40
f 34 35 38 39
f 35 36 37 38