# simple pool cue
v 0.5 0 0.01
v 0.3536 0.3536 0.01
v 0 0.5 0.01
v -0.3536 0.3536 0.01
v -0.5 0 0.01
v -0.3536 -0.3536 0.01
v 0 -0.5 0.01
v 0.3536 -0.3536 0.01

v 0.5 0 0.333
v 0.3536 0.3536 0.333
v 0 0.5 0.333
v -0.3536 0.3536 0.333
v -0.5 0 0.333
v -0.3536 -0.3536 0.333
v 0 -0.5 0.333
v 0.3536 -0.3536 0.333

v 0.25 0 0.98
v 0.1768 0.1768 0.98
v 0 0.25 0.98
v -0.1768 0.1768 0.98
v -0.25 0 0.98
v -0.1768 -0.1768 0.98
v 0 -0.25 0.98
v 0.1768 -0.1768 0.98

v 0.25 0 0.995
v 0.1768 0.1768 0.995
v 0 0.25 0.995
v -0.1768 0.1768 0.995
v -0.25 0 0.995
v -0.1768 -0.1768 0.995
v 0 -0.25 0.995
v 0.1768 -0.1768 0.995

v 0 0 0
v 0 0 1

# end
color 0.359 0.25 0.199 1
fan 33 1 8 7 6 5 4 3 2 1

# handle
f 1 2 10 9
f 2 3 11 10
f 3 4 12 11
f 4 5 13 12
f 5 6 14 13
f 6 7 15 14
f 7 8 16 15
f 8 1 9 16

# shaft
color 0.82 0.703 0.547 1
f 9 10 18 17
f 10 11 19 18
f 11 12 20 19
f 12 13 21 20
f 13 14 22 21
f 14 15 23 22
f 15 16 24 23
f 16 9 17 24

# white
color 0.9 0.9 0.9 1
f 17 18 26 25
f 18 19 27 26
f 19 20 28 27
f 20 21 29 28
f 21 22 30 29
f 22 23 31 30
f 23 24 32 31
f 24 17 25 32

# tip
color 0.05 0.05 0.05 1
fan 34 25 26 27 28 29 30 31 32 25